0.13076923076923075 2.9141783608845393
0.23076923076923084 1.8662410670135212
0.23653846153846153 1.3065590192861993
0.2961538461538462 1.0932253090849302
0.31346153846153846 0.3138876246701675
0.3730769230769231 0.01657123357047777
0.4442307692307693 0.00046877856141572477
0.5480769230769232 0.0000026656704127384446
0.5750000000000001 9.147245235632504e-7
0.6230769230769232 3.431498954979785e-7
0.651923076923077 2.6263635276533247e-7
0.7384615384615386 2.4023991265366044e-7
0.8000000000000002 2.010137689063731e-7
