0.1288461538461539 2.983574879227053
0.15576923076923077 2.8550724637681157
0.16923076923076924 2.7400966183574877
0.18653846153846154 2.652173913043478
0.20192307692307693 2.53719806763285
0.2538461538461539 2.3545893719806763
0.29423076923076924 2.2328502415458935
0.35000000000000003 2.1178743961352655
0.4115384615384615 2.0231884057971015
0.476923076923077 1.948792270531401
0.5615384615384615 1.9082125603864732
0.653846153846154 1.881159420289855
0.778846153846154 1.8676328502415458
0.8000000000000002 1.8676328502415458
